73945
115448
77339
21477
132355
22897
69948
145054
101211
25983
-13076
74589
153252
104621
82325
98488
165102
167988
73734
40298
-10227
179930
87129
140991
50344
6092
107424
49685
158629
87697
98491
164364
18584
107620
117631
82729
145955
3018
159573
62604
160791
161935
68983
129481
-1654
83099
159760
178886
182877
48932
150975
-11912
160653
53542
144518
26435
-8576
183732
91558
81843
86867
5487
61646
120889
44898
111067
135408
6291
45875
110419
686
138457
4144
85107
83376
17929
99996
174926
128605
98312
155649
11370
101838
131740
80350
178146
89965
87213
177316
-3039
184494
79622
134238
177930
132301
-5426
20788
83148
132656
82101
125357
65132
35996
144940
82029
51163
94659
-2536
157879
155054
111214
45318
181863
144842
108848
-5997
138427
14251
13006
131181
143002
129291
142593
92679
122659
90333
19043
75237
105271
83489
89129
162418
164059
56915
39148
61527
39868
149245
-9219
13186
36090
117433
-9706
33391
-5935
114581
42832
147930
144270
71277
10902
102711
132358
85285
127180
-13193
107408
78013
77483
28117
176941
182050
122326
72790
54403
176912
149755
26062
141596
72326
54686
109476
121549
60418
158305
131053
106789
132927
94421
66498
135994
37113
100999
83790
137837
159969
86036
60683
53420
178957
20591
45799
92797
158355
50380
78990
150705
15573
120490
24091
103338
106966
149005
40325
99175
39100
103168
21402
-12534
129380
19690
55250
181931
52479
154479
51558
27886
172305
44032
96745
83052
80061
74334
-8713
170206
140152
2067
52701
87516
54348
92231
122644
93104
173026
94759
124069
143917
13366
160910
63173
158184
112390
133861
71905
180308
20130
138902
139984
7873
-1628
52167
106363
10223
58292
29440
-4133
13882
163298
64006
33188
33084
88027
171270
57978
-7156
-2180
-2514
152199
26624
90186
147162
116598
18014
96461
3941
130112
132030
74633
85535
71693
88443
69492
-6505
30456
143222
154725
41761
172543
133461
37558
137521
98335
57375
124230
171752
65657
137488
101028
149646
95902
6652
112246
27938
40104
140498
163669
102007
4318
53741
2980
91449
73974
87910
16734
36221
46571
-13102
9772
150904
52149
62768
103863
82275
51934
159883
-14183
49381
29161
102283
14466
140501
124373
58502
100229
96267
130790
-4311
13712
150546
181220
148482
173786
-13016
51831
5958
38643
30192
124646
63854
-3466
-7766
58412
32187
89947
125784
123861
91202
-9396
168460
125275
136860
40752
65086
127152
72771
93143
73381
83898
122294
155717
80556
2566
144941
-669
69835
166338
53412
31817
106422
132704
160141
30446
6555
7767
52183
64129
147066
75175
-13477
47316
15888
138821
103506
12764
-2236
108068
121346
86583
7404
175430
174090
19751
-6566
134470
34520
-4940
32598
103370
42315
70810
167865
17895
116695
106210
157452
184316
102129
36308
74930
104091
99062
22608
58350
134359
50811
71552
57865
-12405
89925
-2941
94815
79454
32248
103687
145714
-1442
30537
-6250
33719
88291
79998
17022
37976
128483
55022
10866
44590
172589
62612
51310
92118
93464
89356
82259
43261
155605
85601
116564
74990
-9035
129062
-14757
2209
93100
20721
79713
107097
66696
88901
156254
86777
100689
105066
140191
44611
175526
82847
20991
79905
160897
87739
-12538
69800
-7467
1511
44851
79929
102550
176854
170357
25305
37706
87391
42952
146244
39902
138103
-14869
38388
158794
156823
140604
74922
-6321
12585
51323
-15357
110871
87752
79987
3558
-9071
-761
88796
115252
16188
149086
10619
134176
57730
112767
174920
110874
131948
149662
-11092
-12712
19556
-10522
41114
110140
78091
113508
116852
87209
141532
183613
3642
184193
3155
15419
3189
125874
146448
23776
172917
178074
104652
-1026
44041
94172
43531
150751
136836
-9083
32203
141182
109995
183549
62450
82900
109128
72332
11846
41418
174979
85168
156822
110411
84799
91767
57621
19779
33080
19507
175345
21435
13020
95435
152199
-11149
5045
11169
155040
157319
133876
119033
30291
175662
118021
108180
74000
42587
-4050
17636
15795
102719
118243
-11945
144920
134832
95261
17979
86401
60131
52925
77184
13356
-2265
104409
180993
2024
41244
123952
88854
130353
-10381
139677
176083
180719
73136
16053
-13491
47513
143793
19583
-4901
178302
69616
-1408
138660
19887
25643
172078
38078
17564
156793
130701
46358
169966
166900
159142
103780
23583
98532
124424
169374
19941
79539
77247
16098
84466
108738
18045
63769
184321
169419
74306
178061
54473
4689
48512
89798
162122
152380
59667
-4875
124611
5806
173273
26367
104496
147853
61937
143517
178176
118151
128330
13555
129480
137367
161444
29384
61544
111279
108592
177655
96136
114688
171155
166048
134815
35105
-12364
112376
119275
62741
122939
59324
337
111650
17481
120272
-8706
94856
-4421
-15092
144797
55699
130253
89715
8505
107135
50890
85487
33853
91272
78580
61779
21398
181525
159617
171652
148420
162692
99466
83133
157223
154195
74247
89351
-2365
107166
141413
4367
133812
152430
121065
94047
23568
66757
-799
47511
105682
65529
64788
71325
172239
75158
148543
125427
72122
123598
112517
152332
18080
143773
50904
107094
29758
56941
11883
42832
179546
168734
178989
128796
136602
31845
154634
91960
30392
85625
154909
151512
166592
35135
38276
70621
42084
118609
11486
129644
173997
55794
13766
7516
15005
-3540
130048
60202
68840
73721
34824
63824
174245
145603
124410
126285
-7114
10834
33684
38716
111897
120383
122019
93927
87309
175733
96338
144831
109780
123263
6265
99215
-5505
35469
38521
141290
47368
100359
133282
131646
105870
99896
127260
95553
60938
183460
37277
-14386
9733
2751
156121
137068
138572
93578
162786
157671
1101
74562
117940
42671
129615
139643
73676
55900
-9449
43988
12629
169709
159785
161349
116793
81094
76684
175843
108437
69412
174741
161152
-13184
-88
95693
158375
152419
166056
183743
130643
139165
282
136995
72544
174743
82049
143977
63858
153387
149966
123284
181454
135113
14859
74594
183696
27743
83068
174977
151619
84270
165157
44561
86524
96859
72045
60338
64716
53539
175871
127149
124494
107944
79583
128828
98125
93422
88244
93773
62247
53648
148847
175492
120552
179145
181876
36038
138678
80382
26454
22087
180090
123401
82087
82052
35698
85922
74180
32205
154899
65490
91144
11183
-11128
102517
155450
18787
11377
59132
127999
5415
44570
92284
-3655
96912
3219
-6341
148389
73688
5831
106633
111213
117711
45472
125090
15201
12960
26450
21172
176955
113139
18452
83538
139761
139114
1493
110649
173339
144661
-14781
33128
165514
161579
57203
177297
73930
75860
102746
37757
81338
40367
159828
7990
173516
137090
64870
4155
81840
106759
157117
74234
35336
-8993
89562
106887
145559
22845
32974
50689
182944
149983
